row col colors level time
2 2 2 1 0.08
2 2 3 1 0.0208
2 2 4 1 0.060208
2 2 5 1 0.020602080000000002
2 3 2 1 0.0402060208
2 3 3 1 0.040402060207999996
2 3 4 1 0.030404020602079997
2 3 5 1 0.0103040402060208
2 4 2 1 0.010103040402060209
2 4 3 1 0.020101030404020604
2 4 4 1 0.020201010304040205
2 4 5 1 0.010202010103040402
2 5 2 1 0.030102020101030406
2 5 3 1 0.030301020201010304
2 5 4 1 0.020303010202010103
2 5 5 1 0.0202030301020201
2 6 2 1 0.0202020303010202
2 6 3 1 0.0402020203030102
2 6 4 1 0.040402020203030097
2 6 5 1 0.0204040202020303
2 7 2 1 0.030204040202020305
2 7 3 1 0.020302040402020202
2 7 4 1 0.040203020404020205
2 7 5 1 0.0304020302040402
2 8 2 1 0.050304020302040404
2 8 3 1 0.0405030402030204
2 8 4 1 0.04040503040203021
2 8 5 1 0.0304040503040203
2 9 2 1 0.0603040405030402
2 9 3 1 0.0606030404050304
2 9 4 1 0.04060603040405031
2 9 5 1 0.050406060304040504
2 10 2 1 0.050504060603040406
2 10 3 1 0.07050504060603041
2 10 4 1 0.0707050504060603
2 10 5 1 0.0607070505040606
2 11 2 1 0.0706070705050406
2 11 3 1 0.1007060707050504
2 11 4 1 0.0610070607070505
2 11 5 1 0.0706100706070705
2 12 2 1 0.07070610070607071
2 12 3 1 0.0907070610070607
2 12 4 1 0.0809070706100706
2 12 5 1 0.07080907070610071
2 13 2 1 0.08070809070706102
2 13 3 1 0.11080708090707062
2 13 4 1 0.10110807080907071
2 13 5 1 0.0910110807080907
2 14 2 1 0.0909101108070809
2 14 3 1 0.1209091011080708
2 14 4 1 0.12120909101108071
2 14 5 1 0.09121209091011082
3 2 2 1 0.010912120909101108
3 2 3 1 0.010109121209091012
3 2 4 1 0.010101091212090909
3 2 5 1 0.010101010912120909
3 3 2 1 0.020101010109121208
3 3 3 1 0.02020101010109121
3 3 4 1 0.02020201010101091
3 3 5 1 0.01020202010101011
3 4 2 1 0.020102020201010103
3 4 3 1 0.0302010202020101
3 4 4 1 0.0203020102020201
3 4 5 1 0.0202030201020202
3 5 2 1 0.0302020302010202
3 5 3 1 0.030302020302010204
3 5 4 1 0.040303020203020096
3 5 5 1 0.030403030202030203
3 6 2 1 0.0503040303020203
3 6 3 1 0.0405030403030202
3 6 4 1 0.05040503040303021
3 6 5 1 0.0405040503040303
3 7 2 1 0.060405040503040304
3 7 3 1 0.060604050405030405
3 7 4 1 0.07060604050405031
3 7 5 1 0.06070606040504051
3 8 2 1 0.0706070606040504
3 8 3 1 0.0807060706060405
3 8 4 1 0.08080706070606042
3 8 5 1 0.06080807060706061
3 9 2 1 0.08060808070607059
3 9 3 1 0.09080608080706071
3 9 4 1 0.0709080608080706
3 9 5 1 0.11070908060808071
3 10 2 1 0.1111070908060808
3 10 3 1 0.1111110709080608
3 10 4 1 0.11111111070908061
3 10 5 1 0.1211111111070908
3 11 2 1 0.12121111111107091
3 11 3 1 0.13121211111111072
3 11 4 1 0.1413121211111111
3 11 5 1 0.13141312121111112
3 12 2 1 0.1313141312121111
3 12 3 1 0.1613131413121211
3 12 4 1 0.15161313141312122
3 12 5 1 0.1415161313141312
3 13 2 1 0.1414151613131413
3 13 3 1 0.1814141516131314
3 13 4 1 0.18181414151613132
3 13 5 1 0.16181814141516132
3 14 2 1 0.2016181814141516
3 14 3 1 0.20201618181414152
3 14 4 1 0.2120201618181414
3 14 5 1 0.20212020161818142
4 2 2 1 0.012021202016181813
4 2 3 1 0.010120212020161818
4 2 4 1 0.010101202120201618
4 2 5 1 0.020101012021202017
4 3 2 1 0.03020101012021202
4 3 3 1 0.020302010101202122
4 3 4 1 0.030203020101012022
4 3 5 1 0.01030203020101012
4 4 2 1 0.0201030203020101
4 4 3 1 0.0402010302030201
4 4 4 1 0.030402010302030203
4 4 5 1 0.030304020103020298
4 5 2 1 0.05030304020103021
4 5 3 1 0.050503030402010304
4 5 4 1 0.05050503030402011
4 5 5 1 0.0405050503030402
4 6 2 1 0.060405050503030404
4 6 3 1 0.07060405050503031
4 6 4 1 0.0707060405050503
4 6 5 1 0.07070706040505051
4 7 2 1 0.0707070706040505
4 7 3 1 0.10070707070604051
4 7 4 1 0.0910070707070604
4 7 5 1 0.0909100707070706
4 8 2 1 0.08090910070707072
4 8 3 1 0.12080909100707071
4 8 4 1 0.11120809091007072
4 8 5 1 0.12111208090910072
4 9 2 1 0.111211120809091
4 9 3 1 0.14111211120809092
4 9 4 1 0.13141112111208092
4 9 5 1 0.11131411121112081
4 10 2 1 0.1311131411121112
4 10 3 1 0.1713111314111211
4 10 4 1 0.16171311131411123
4 10 5 1 0.1316171311131411
4 11 2 1 0.14131617131113142
4 11 3 1 0.20141316171311133
4 11 4 1 0.19201413161713113
4 11 5 1 0.19192014131617133
4 12 2 1 0.1619192014131617
4 12 3 1 0.24161919201413162
4 12 4 1 0.2424161919201413
4 12 5 1 0.23242416191920143
4 13 2 1 0.17232424161919202
4 13 3 1 0.28172324241619195
4 13 4 1 0.2828172324241619
4 13 5 1 0.2328281723242416
4 14 2 1 0.2323282817232424
4 14 3 1 0.31232328281723243
4 14 4 1 0.3331232328281723
4 14 5 1 0.2733312323282817
5 2 2 1 0.022733312323282816
5 2 3 1 0.010227333123232828
5 2 4 1 0.010102273331232328
5 2 5 1 0.02010102273331232
5 3 2 1 0.030201010227333125
5 3 3 1 0.030302010102273333
5 3 4 1 0.040303020101022734
5 3 5 1 0.02040303020101023
5 4 2 1 0.05020403030201011
5 4 3 1 0.06050204030302011
5 4 4 1 0.0506050204030302
5 4 5 1 0.0405060502040303
5 5 2 1 0.0604050605020403
5 5 3 1 0.0606040506050204
5 5 4 1 0.0706060405060502
5 5 5 1 0.0607060604050605
5 6 2 1 0.0806070606040506
5 6 3 1 0.0908060706060405
5 6 4 1 0.0909080607060604
5 6 5 1 0.0909090806070606
5 7 2 1 0.1009090908060706
5 7 3 1 0.1210090909080607
5 7 4 1 0.12121009090908061
5 7 5 1 0.1212121009090908
5 8 2 1 0.1112121210090909
5 8 3 1 0.1511121212100909
5 8 4 1 0.1515111212121009
5 8 5 1 0.14151511121212101
5 9 2 1 0.1514151511121212
5 9 3 1 0.20151415151112123
5 9 4 1 0.1820151415151112
5 9 5 1 0.1718201514151511
5 10 2 1 0.17171820151415151
5 10 3 1 0.22171718201514154
5 10 4 1 0.2222171718201514
5 10 5 1 0.2322221717182015
5 11 2 1 0.19232222171718202
5 11 3 1 0.28192322221717186
5 11 4 1 0.26281923222217174
5 11 5 1 0.26262819232222173
5 12 2 1 0.2226262819232222
5 12 3 1 0.3322262628192323
5 12 4 1 0.3333222626281923
5 12 5 1 0.30333322262628193
5 13 2 1 0.24303333222626283
5 13 3 1 0.3824303333222626
5 13 4 1 0.3938243033332226
5 13 5 1 0.36393824303333216
5 14 2 1 0.2736393824303333
5 14 3 1 0.43273639382430334
5 14 4 1 0.424327363938243
5 14 5 1 0.41424327363938246
6 2 2 1 0.024142432736393823
6 2 3 1 0.020241424327363935
6 2 4 1 0.030202414243273638
6 2 5 1 0.020302024142432734
6 3 2 1 0.04020302024142433
6 3 3 1 0.030402030202414245
6 3 4 1 0.040304020302024145
6 3 5 1 0.03040304020302024
6 4 2 1 0.0503040304020302
6 4 3 1 0.0705030403040203
6 4 4 1 0.0707050304030402
6 4 5 1 0.060707050304030404
6 5 2 1 0.0606070705030403
6 5 3 1 0.08060607070503041
6 5 4 1 0.0908060607070503
6 5 5 1 0.08090806060707051
6 6 2 1 0.1008090806060707
6 6 3 1 0.12100809080606072
6 6 4 1 0.12121008090806061
6 6 5 1 0.1312121008090806
6 7 2 1 0.1013121210080908
6 7 3 1 0.1510131212100809
6 7 4 1 0.17151013121210082
6 7 5 1 0.141715101312121
6 8 2 1 0.14141715101312122
6 8 3 1 0.22141417151013124
6 8 4 1 0.19221414171510134
6 8 5 1 0.18192214141715102
6 9 2 1 0.1718192214141715
6 9 3 1 0.2517181922141417
6 9 4 1 0.2525171819221414
6 9 5 1 0.23252517181922142
6 10 2 1 0.20232525171819218
6 10 3 1 0.2820232525171819
6 10 4 1 0.2928202325251718
6 10 5 1 0.30292820232525175
6 11 2 1 0.25302928202325253
6 11 3 1 0.3325302928202325
6 11 4 1 0.3533253029282023
6 11 5 1 0.303533253029282
6 12 2 1 0.29303533253029285
6 12 3 1 0.43293035332530294
6 12 4 1 0.42432930353325304
6 12 5 1 0.43424329303533254
6 13 2 1 0.29434243293035334
6 13 3 1 0.4829434243293035
6 13 4 1 0.47482943424329305
6 13 5 1 0.4647482943424329
6 14 2 1 0.36464748294342436
6 14 3 1 0.5436464748294343
6 14 4 1 0.5754364647482944
6 14 5 1 0.5157543646474829
7 2 2 1 0.025157543646474833
7 2 3 1 0.020251575436464747
7 2 4 1 0.020202515754364648
7 2 5 1 0.03020202515754365
7 3 2 1 0.05030202025157544
7 3 3 1 0.06050302020251575
7 3 4 1 0.04060503020202516
7 3 5 1 0.04040605030202025
7 4 2 1 0.0504040605030202
7 4 3 1 0.0705040406050302
7 4 4 1 0.0807050404060503
7 4 5 1 0.0808070504040605
7 5 2 1 0.08080807050404061
7 5 3 1 0.1108080807050404
7 5 4 1 0.12110808080705042
7 5 5 1 0.11121108080807052
7 6 2 1 0.12111211080808071
7 6 3 1 0.1612111211080808
7 6 4 1 0.1516121112110808
7 6 5 1 0.12151612111211081
7 7 2 1 0.1312151612111211
7 7 3 1 0.2213121516121112
7 7 4 1 0.1922131215161211
7 7 5 1 0.19192213121516122
7 8 2 1 0.1619192213121516
7 8 3 1 0.27161919221312153
7 8 4 1 0.25271619192213124
7 8 5 1 0.27252716191922133
7 9 2 1 0.2027252716191922
7 9 3 1 0.3220272527161919
7 9 4 1 0.3032202725271619
7 9 5 1 0.31303220272527166
7 10 2 1 0.2431303220272527
7 10 3 1 0.3824313032202726
7 10 4 1 0.40382431303220273
7 10 5 1 0.354038243130322
7 11 2 1 0.3035403824313032
7 11 3 1 0.45303540382431307
7 11 4 1 0.4745303540382432
7 11 5 1 0.44474530354038244
7 12 2 1 0.35444745303540387
7 12 3 1 0.513544474530354
7 12 4 1 0.5451354447453035
7 12 5 1 0.49545135444745303
7 13 2 1 0.3849545135444745
7 13 3 1 0.6338495451354447
7 13 4 1 0.6563384954513545
7 13 5 1 0.5765633849545135
7 14 2 1 0.4457656338495451
7 14 3 1 0.7244576563384955
7 14 4 1 0.737244576563385
7 14 5 1 0.6773724457656338
8 2 2 1 0.03677372445765634
8 2 3 1 0.04036773724457657
8 2 4 1 0.020403677372445764
8 2 5 1 0.03020403677372446
8 3 2 1 0.05030204036773725
8 3 3 1 0.07050302040367737
8 3 4 1 0.060705030204036774
8 3 5 1 0.05060705030204037
8 4 2 1 0.0605060705030204
8 4 3 1 0.0906050607050302
8 4 4 1 0.10090605060705031
8 4 5 1 0.08100906050607051
8 5 2 1 0.10081009060506069
8 5 3 1 0.1310081009060506
8 5 4 1 0.1413100810090605
8 5 5 1 0.1414131008100906
8 6 2 1 0.11141413100810091
8 6 3 1 0.201114141310081
8 6 4 1 0.1820111414131008
8 6 5 1 0.18182011141413099
8 7 2 1 0.17181820111414134
8 7 3 1 0.21171818201114143
8 7 4 1 0.2521171818201114
8 7 5 1 0.2425211718182011
8 8 2 1 0.21242521171818202
8 8 3 1 0.3221242521171818
8 8 4 1 0.3232212425211718
8 8 5 1 0.2932322124252117
8 9 2 1 0.2529323221242521
8 9 3 1 0.3925293232212425
8 9 4 1 0.39392529323221237
8 9 5 1 0.3839392529323222
8 10 2 1 0.30383939252932324
8 10 3 1 0.4630383939252933
8 10 4 1 0.49463038393925296
8 10 5 1 0.4649463038393925
8 11 2 1 0.3346494630383939
8 11 3 1 0.553346494630384
8 11 4 1 0.5855334649463039
8 11 5 1 0.545855334649463
8 12 2 1 0.4054585533464946
8 12 3 1 0.6740545855334649
8 12 4 1 0.6967405458553347
8 12 5 1 0.6369674054585533
8 13 2 1 0.4563696740545855
8 13 3 1 0.7845636967405458
8 13 4 1 0.7878456369674055
8 13 5 1 0.7378784563696741
8 14 2 1 0.5473787845636967
8 14 3 1 0.895473787845637
8 14 4 1 0.9289547378784565
8 14 5 1 0.8592895473787846
9 2 2 1 0.048592895473787846
9 2 3 1 0.040485928954737876
9 2 4 1 0.040404859289547373
9 2 5 1 0.040404048592895474
9 3 2 1 0.060404040485928956
9 3 3 1 0.07060404040485929
9 3 4 1 0.0707060404040486
9 3 5 1 0.07070706040404048
9 4 2 1 0.07070707060404041
9 4 3 1 0.1207070707060404
9 4 4 1 0.10120707070706039
9 4 5 1 0.1110120707070706
9 5 2 1 0.11111012070707071
9 5 3 1 0.1411111012070707
9 5 4 1 0.1614111110120707
9 5 5 1 0.1416141111101207
9 6 2 1 0.1414161411111012
9 6 3 1 0.221414161411111
9 6 4 1 0.22221414161411113
9 6 5 1 0.2222221414161411
9 7 2 1 0.1922222214141614
9 7 3 1 0.28192222221414165
9 7 4 1 0.3128192222221414
9 7 5 1 0.26312819222222145
9 8 2 1 0.24263128192222222
9 8 3 1 0.3724263128192222
9 8 4 1 0.4037242631281922
9 8 5 1 0.3540372426312819
9 9 2 1 0.2935403724263128
9 9 3 1 0.4729354037242631
9 9 4 1 0.49472935403724266
9 9 5 1 0.45494729354037244
9 10 2 1 0.35454947293540373
9 10 3 1 0.553545494729354
9 10 4 1 0.5955354549472935
9 10 5 1 0.5159553545494729
9 11 2 1 0.43515955354549474
9 11 3 1 0.704351595535455
9 11 4 1 0.7070435159553545
9 11 5 1 0.6370704351595535
9 12 2 1 0.4563707043515956
9 12 3 1 0.794563707043516
9 12 4 1 0.8279456370704352
9 12 5 1 0.7782794563707043
9 13 2 1 0.557782794563707
9 13 3 1 0.8955778279456371
9 13 4 1 0.9789557782794563
9 13 5 1 0.9197895577827946
9 14 2 1 0.6191978955778279
9 14 3 1 1.0661919789557783
9 14 4 1 1.1106619197895577
9 14 5 1 1.0411066191978955
10 2 2 1 0.06041106619197896
10 2 3 1 0.040604110661919796
10 2 4 1 0.040406041106619196
10 2 5 1 0.030404060411066195
10 3 2 1 0.06030404060411066
10 3 3 1 0.09060304040604111
10 3 4 1 0.09090603040406041
10 3 5 1 0.0709090603040406
10 4 2 1 0.09070909060304039
10 4 3 1 0.1209070909060304
10 4 4 1 0.1312090709090603
10 4 5 1 0.1213120907090906
10 5 2 1 0.1212131209070909
10 5 3 1 0.1912121312090709
10 5 4 1 0.1919121213120907
10 5 5 1 0.1819191212131209
10 6 2 1 0.1918191912121312
10 6 3 1 0.2819181919121213
10 6 4 1 0.2828191819191212
10 6 5 1 0.24282819181919124
10 7 2 1 0.21242828191819194
10 7 3 1 0.35212428281918196
10 7 4 1 0.3735212428281918
10 7 5 1 0.3337352124282819
10 8 2 1 0.3033373521242828
10 8 3 1 0.4630333735212428
10 8 4 1 0.4346303337352124
10 8 5 1 0.4143463033373521
10 9 2 1 0.3441434630333735
10 9 3 1 0.5534414346303338
10 9 4 1 0.5755344143463033
10 9 5 1 0.5057553441434631
10 10 2 1 0.42505755344143464
10 10 3 1 0.6642505755344144
10 10 4 1 0.6666425057553441
10 10 5 1 0.6366664250575534
10 11 2 1 0.45636666425057554
10 11 3 1 0.8345636666425057
10 11 4 1 0.848345636666425
10 11 5 1 0.7684834563666643
10 12 2 1 0.5576848345636667
10 12 3 1 0.9355768483456367
10 12 4 1 1.0093557684834564
10 12 5 1 0.9300935576848346
10 13 2 1 0.6693009355768484
10 13 3 1 1.0866930093557685
10 13 4 1 1.1708669300935577
10 13 5 1 1.0817086693009355
10 14 2 1 0.7208170866930094
10 14 3 1 1.2372081708669302
10 14 4 1 1.3423720817086693
10 14 5 1 1.2134237208170868
11 2 2 1 0.062134237208170864
11 2 3 1 0.04062134237208171
11 2 4 1 0.030406213423720817
11 2 5 1 0.05030406213423721
11 3 2 1 0.08050304062134238
11 3 3 1 0.0908050304062134
11 3 4 1 0.10090805030406212
11 3 5 1 0.061009080503040616
11 4 2 1 0.1206100908050304
11 4 3 1 0.1712061009080503
11 4 4 1 0.15171206100908052
11 4 5 1 0.11151712061009081
11 5 2 1 0.1511151712061009
11 5 3 1 0.23151115171206102
11 5 4 1 0.22231511151712063
11 5 5 1 0.2122231511151712
11 6 2 1 0.21212223151115173
11 6 3 1 0.33212122231511154
11 6 4 1 0.31332121222315107
11 6 5 1 0.2531332121222315
11 7 2 1 0.27253133212122227
11 7 3 1 0.4027253133212122
11 7 4 1 0.4340272531332121
11 7 5 1 0.3843402725313321
11 8 2 1 0.3338434027253133
11 8 3 1 0.5033384340272531
11 8 4 1 0.5450333843402726
11 8 5 1 0.5254503338434027
11 9 2 1 0.38525450333843403
11 9 3 1 0.6538525450333843
11 9 4 1 0.6565385254503339
11 9 5 1 0.6065653852545033
11 10 2 1 0.46606565385254506
11 10 3 1 0.7746606565385256
11 10 4 1 0.8177466065653853
11 10 5 1 0.7481774660656538
11 11 2 1 0.5674817746606565
11 11 3 1 0.9456748177466064
11 11 4 1 0.9594567481774661
11 11 5 1 0.9095945674817747
11 12 2 1 0.6690959456748178
11 12 3 1 1.1066909594567482
11 12 4 1 1.1610669095945676
11 12 5 1 1.0616106690959457
11 13 2 1 0.7506161066909595
11 13 3 1 1.2975061610669096
11 13 4 1 1.362975061610669
11 13 5 1 1.2936297506161065
11 14 2 1 0.8529362975061611
11 14 3 1 1.4485293629750617
11 14 4 1 1.5044852936297508
11 14 5 1 1.4650448529362976
12 2 2 1 0.06465044852936297
12 2 3 1 0.04064650448529363
12 2 4 1 0.05040646504485293
12 2 5 1 0.04050406465044853
12 3 2 1 0.10040504064650449
12 3 3 1 0.10100405040646504
12 3 4 1 0.10101004050406466
12 3 5 1 0.11101010040504064
12 4 2 1 0.12111010100405041
12 4 3 1 0.1712111010100405
12 4 4 1 0.1617121110101004
12 4 5 1 0.13161712111010102
12 5 2 1 0.171316171211101
12 5 3 1 0.25171316171211106
12 5 4 1 0.2725171316171211
12 5 5 1 0.2327251713161712
12 6 2 1 0.2523272517131617
12 6 3 1 0.32252327251713164
12 6 4 1 0.3632252327251713
12 6 5 1 0.3336322523272517
12 7 2 1 0.30333632252327253
12 7 3 1 0.4730333632252327
12 7 4 1 0.5047303336322524
12 7 5 1 0.4150473033363225
12 8 2 1 0.3541504730333632
12 8 3 1 0.5935415047303336
12 8 4 1 0.6459354150473032
12 8 5 1 0.616459354150473
12 9 2 1 0.45616459354150474
12 9 3 1 0.764561645935415
12 9 4 1 0.7576456164593541
12 9 5 1 0.7075764561645935
12 10 2 1 0.547075764561646
12 10 3 1 0.9254707576456164
12 10 4 1 0.9392547075764561
12 10 5 1 0.8793925470757645
12 11 2 1 0.6387939254707576
12 11 3 1 1.0763879392547075
12 11 4 1 1.1307638793925472
12 11 5 1 1.0713076387939255
12 12 2 1 0.7307130763879393
12 12 3 1 1.2773071307638795
12 12 4 1 1.2927730713076389
12 12 5 1 1.3129277307130764
12 13 2 1 0.8231292773071308
12 13 3 1 1.4982312927730714
12 13 4 1 1.534982312927731
12 13 5 1 1.4753498231292772
12 14 2 1 0.9547534982312927
12 14 3 1 1.669547534982313
12 14 4 1 1.8066954753498232
12 14 5 1 1.7180669547534984
13 2 2 1 0.07718066954753498
13 2 3 1 0.05077180669547535
13 2 4 1 0.060507718066954756
13 2 5 1 0.06060507718066955
13 3 2 1 0.10060605077180669
13 3 3 1 0.11100606050771807
13 3 4 1 0.13111006060507718
13 3 5 1 0.11131110060605078
13 4 2 1 0.12111311100606051
13 4 3 1 0.1912111311100606
13 4 4 1 0.21191211131110058
13 4 5 1 0.18211912111311102
13 5 2 1 0.2118211912111311
13 5 3 1 0.2921182119121113
13 5 4 1 0.3029211821191211
13 5 5 1 0.2630292118211912
13 6 2 1 0.27263029211821194
13 6 3 1 0.41272630292118206
13 6 4 1 0.4141272630292119
13 6 5 1 0.35414127263029216
13 7 2 1 0.35354141272630296
13 7 3 1 0.543535414127263
13 7 4 1 0.5354353541412726
13 7 5 1 0.4853543535414127
13 8 2 1 0.3848535435354141
13 8 3 1 0.6838485354353542
13 8 4 1 0.6768384853543534
13 8 5 1 0.6567683848535435
13 9 2 1 0.5165676838485355
13 9 3 1 0.8851656768384853
13 9 4 1 0.8988516567683849
13 9 5 1 0.7989885165676839
13 10 2 1 0.5979898851656769
13 10 3 1 1.0459798988516567
13 10 4 1 1.1004597989885165
13 10 5 1 1.0410045979898852
13 11 2 1 0.7204100459798988
13 11 3 1 1.237204100459799
13 11 4 1 1.3223720410045978
13 11 5 1 1.203223720410046
13 12 2 1 0.8220322372041005
13 12 3 1 1.478220322372041
13 12 4 1 1.5547822032237204
13 12 5 1 1.4355478220322373
13 13 2 1 0.9143554782203224
13 13 3 1 1.6691435547822033
13 13 4 1 1.816691435547822
13 13 5 1 1.6881669143554783
13 14 2 1 1.0768816691435548
13 14 3 1 1.9707688166914354
13 14 4 1 2.0897076881669143
13 14 5 1 1.9308970768816693
14 2 2 1 0.08930897076881669
14 2 3 1 0.06089308970768816
14 2 4 1 0.06060893089707688
14 2 5 1 0.07060608930897078
14 3 2 1 0.1007060608930897
14 3 3 1 0.1310070606089309
14 3 4 1 0.1313100706060893
14 3 5 1 0.1313131007060609
14 4 2 1 0.17131313100706058
14 4 3 1 0.2317131313100706
14 4 4 1 0.2323171313131007
14 4 5 1 0.21232317131313103
14 5 2 1 0.23212323171313132
14 5 3 1 0.33232123231713134
14 5 4 1 0.3333232123231713
14 5 5 1 0.32333323212323173
14 6 2 1 0.29323333232123233
14 6 3 1 0.43293233332321235
14 6 4 1 0.4743293233332321
14 6 5 1 0.4447432932333324
14 7 2 1 0.3844474329323333
14 7 3 1 0.5938444743293233
14 7 4 1 0.6559384447432933
14 7 5 1 0.5765593844474329
14 8 2 1 0.4857655938444744
14 8 3 1 0.7548576559384448
14 8 4 1 0.7775485765593845
14 8 5 1 0.7777754857655939
14 9 2 1 0.5677777548576559
14 9 3 1 0.9756777775485765
14 9 4 1 1.019756777775486
14 9 5 1 0.9301975677777549
14 10 2 1 0.6693019756777775
14 10 3 1 1.1666930197567777
14 10 4 1 1.2116669301975678
14 10 5 1 1.2121166693019756
14 11 2 1 0.8221211666930198
14 11 3 1 1.4282212116669302
14 11 4 1 1.4342822121166694
14 11 5 1 1.4043428221211667
14 12 2 1 0.9540434282212117
14 12 3 1 1.6795404342822122
14 12 4 1 1.7567954043428222
14 12 5 1 1.6475679540434283
14 13 2 1 1.1064756795404342
14 13 3 1 1.9210647567954044
14 13 4 1 2.059210647567954
14 13 5 1 1.9205921064756797
14 14 2 1 1.2292059210647568
14 14 3 1 2.1822920592106474
14 14 4 1 2.3718229205921064
14 14 5 1 2.2437182292059212
2 2 2 2 0.03243718229205921
2 2 3 2 0.010324371822920593
2 2 4 2 1.0324371822920593E-4
2 2 5 2 0.010100010102020203
2 3 2 2 0.02000001032437182
2 3 3 2 0.020200000103243722
2 3 4 2 0.010202000001032436
2 3 5 2 0.010102020000010323
2 4 2 2 0.0401010202000001
2 4 3 2 0.030401010202
2 4 4 2 0.03030401010202
2 4 5 2 0.0303030401010202
2 5 2 2 0.0503030304010102
2 5 3 2 0.0505030303040101
2 5 4 2 0.0405050303030401
2 5 5 2 0.0404050503030304
2 6 2 2 0.060404050503030306
2 6 3 2 0.0706040405050303
2 6 4 2 0.0607060404050503
2 6 5 2 0.050607060404050504
2 7 2 2 0.0905060706040405
2 7 3 2 0.11090506070604039
2 7 4 2 0.0911090506070604
2 7 5 2 0.09091109050607059
2 8 2 2 0.13090911090506072
2 8 3 2 0.1313090911090506
2 8 4 2 0.1313130909110905
2 8 5 2 0.1213131309091109
2 9 2 2 0.15121313130909111
2 9 3 2 0.17151213131309093
2 9 4 2 0.1717151213131309
2 9 5 2 0.1517171512131313
2 10 2 2 0.1915171715121313
2 10 3 2 0.25191517171512134
2 10 4 2 0.23251915171715123
2 10 5 2 0.1523251915171715
2 11 2 2 0.26152325191517173
2 11 3 2 0.30261523251915173
2 11 4 2 0.2730261523251915
2 11 5 2 0.21273026152325192
2 12 2 2 0.3121273026152325
2 12 3 2 0.4131212730261523
2 12 4 2 0.3441312127302615
2 12 5 2 0.2734413121273026
2 13 2 2 0.37273441312127303
2 13 3 2 0.45372734413121274
2 13 4 2 0.4145372734413121
2 13 5 2 0.3541453727344131
2 14 2 2 0.44354145372734416
2 14 3 2 0.5844354145372734
2 14 4 2 0.5158443541453728
2 14 5 2 0.4051584435414537
3 2 2 2 0.024051584435414535
3 2 3 2 0.010240515844354146
3 2 4 2 0.020102405158443543
3 2 5 2 0.010201024051584436
3 3 2 2 0.030102010240515842
3 3 3 2 0.040301020102405154
3 3 4 2 0.020403010201024054
3 3 5 2 0.03020403010201024
3 4 2 2 0.0403020403010201
3 4 3 2 0.0704030204030102
3 4 4 2 0.050704030204030096
3 4 5 2 0.0605070403020403
3 5 2 2 0.0806050704030204
3 5 3 2 0.09080605070403021
3 5 4 2 0.1009080605070403
3 5 5 2 0.0910090806050704
3 6 2 2 0.1009100908060507
3 6 3 2 0.1510091009080605
3 6 4 2 0.1415100910090806
3 6 5 2 0.12141510091009082
3 7 2 2 0.14121415100910092
3 7 3 2 0.24141214151009102
3 7 4 2 0.2024141214151009
3 7 5 2 0.18202414121415103
3 8 2 2 0.2218202414121415
3 8 3 2 0.3022182024141214
3 8 4 2 0.2830221820241412
3 8 5 2 0.24283022182024142
3 9 2 2 0.2724283022182024
3 9 3 2 0.422724283022182
3 9 4 2 0.4042272428302218
3 9 5 2 0.33404227242830226
3 10 2 2 0.33334042272428305
3 10 3 2 0.5133334042272428
3 10 4 2 0.5051333340422723
3 10 5 2 0.4350513333404227
3 11 2 2 0.42435051333340423
3 11 3 2 0.6842435051333341
3 11 4 2 0.6568424350513333
3 11 5 2 0.5765684243505134
3 12 2 2 0.5157656842435051
3 12 3 2 0.845157656842435
3 12 4 2 0.9084515765684243
3 12 5 2 0.7690845157656843
3 13 2 2 0.6176908451576568
3 13 3 2 1.0361769084515766
3 13 4 2 0.9603617690845158
3 13 5 2 0.9096036176908452
3 14 2 2 0.7990960361769085
3 14 3 2 1.2279909603617691
3 14 4 2 1.2022799096036176
3 14 5 2 1.0720227990960363
4 2 2 2 0.03072022799096036
4 2 3 2 0.030307202279909604
4 2 4 2 0.010303072022799096
4 2 5 2 0.02010303072022799
4 3 2 2 0.06020103030720228
4 3 3 2 0.05060201030307202
4 3 4 2 0.050506020103030715
4 3 5 2 0.05050506020103031
4 4 2 2 0.0805050506020103
4 4 3 2 0.1208050505060201
4 4 4 2 0.0912080505050602
4 4 5 2 0.09091208050505059
4 5 2 2 0.11090912080505051
4 5 3 2 0.18110909120805052
4 5 4 2 0.1618110909120805
4 5 5 2 0.1516181109091208
4 6 2 2 0.1715161811090912
4 6 3 2 0.2617151618110909
4 6 4 2 0.2526171516181109
4 6 5 2 0.22252617151618112
4 7 2 2 0.2122252617151618
4 7 3 2 0.3721222526171516
4 7 4 2 0.39372122252617153
4 7 5 2 0.3539372122252617
4 8 2 2 0.3035393721222526
4 8 3 2 0.5130353937212225
4 8 4 2 0.5051303539372123
4 8 5 2 0.4250513035393721
4 9 2 2 0.4142505130353938
4 9 3 2 0.654142505130354
4 9 4 2 0.6865414250513036
4 9 5 2 0.596865414250513
4 10 2 2 0.5259686541425052
4 10 3 2 0.915259686541425
4 10 4 2 0.9091525968654142
4 10 5 2 0.7690915259686542
4 11 2 2 0.5976909152596865
4 11 3 2 1.055976909152597
4 11 4 2 1.120559769091526
4 11 5 2 1.1012055976909152
4 12 2 2 0.7610120559769092
4 12 3 2 1.437610120559769
4 12 4 2 1.3643761012055977
4 12 5 2 1.2336437610120559
4 13 2 2 0.9323364376101204
4 13 3 2 1.709323364376101
4 13 4 2 1.697093233643761
4 13 5 2 1.5969709323364376
4 14 2 2 1.0859697093233642
4 14 3 2 2.2108596970932335
4 14 4 2 2.2121085969709324
4 14 5 2 1.8121210859697094
5 2 2 2 0.038121210859697094
5 2 3 2 0.03038121210859697
5 2 4 2 0.030303812121085967
5 2 5 2 0.030303038121210858
5 3 2 2 0.0703030303812121
5 3 3 2 0.08070303030381211
5 3 4 2 0.09080703030303812
5 3 5 2 0.06090807030303038
5 4 2 2 0.09060908070303031
5 4 3 2 0.17090609080703031
5 4 4 2 0.1617090609080703
5 4 5 2 0.1316170906090807
5 5 2 2 0.1713161709060908
5 5 3 2 0.2617131617090609
5 5 4 2 0.2726171316170906
5 5 5 2 0.20272617131617088
5 6 2 2 0.2320272617131617
5 6 3 2 0.4223202726171316
5 6 4 2 0.3942232027261713
5 6 5 2 0.3739422320272617
5 7 2 2 0.3037394223202726
5 7 3 2 0.5530373942232027
5 7 4 2 0.5955303739422321
5 7 5 2 0.5359553037394224
5 8 2 2 0.4253595530373942
5 8 3 2 0.8142535955303739
5 8 4 2 0.7781425359553037
5 8 5 2 0.7077814253595531
5 9 2 2 0.5370778142535956
5 9 3 2 1.0353707781425359
5 9 4 2 1.1203537077814254
5 9 5 2 0.9012035370778142
5 10 2 2 0.699012035370778
5 10 3 2 1.3569901203537078
5 10 4 2 1.4235699012035372
5 10 5 2 1.2642356990120354
5 11 2 2 0.7826423569901203
5 11 3 2 1.6778264235699012
5 11 4 2 1.786778264235699
5 11 5 2 1.5978677826423568
5 12 2 2 1.0759786778264235
5 12 3 2 2.200759786778264
5 12 4 2 2.2620075978677825
5 12 5 2 2.0126200759786776
5 13 2 2 1.2301262007597868
5 13 3 2 2.662301262007598
5 13 4 2 2.626623012620076
5 13 5 2 2.546266230126201
5 14 2 2 1.455462662301262
5 14 3 2 2.9845546266230127
5 14 4 2 3.3498455462662298
5 14 5 2 3.0534984554626625
6 2 2 2 0.07053498455462663
6 2 3 2 0.060705349845546264
6 2 4 2 0.05060705349845547
6 2 5 2 0.040506070534984555
6 3 2 2 0.09040506070534984
6 3 3 2 0.11090405060705351
6 3 4 2 0.13110904050607053
6 3 5 2 0.0913110904050607
6 4 2 2 0.1409131109040506
6 4 3 2 0.2214091311090405
6 4 4 2 0.2222140913110904
6 4 5 2 0.17222214091311092
6 5 2 2 0.22172222140913111
6 5 3 2 0.3722172222140913
6 5 4 2 0.3937221722221409
6 5 5 2 0.3439372217222214
6 6 2 2 0.31343937221722223
6 6 3 2 0.5731343937221722
6 6 4 2 0.5957313439372217
6 6 5 2 0.49595731343937216
6 7 2 2 0.41495957313439374
6 7 3 2 0.834149595731344
6 7 4 2 0.8483414959573135
6 7 5 2 0.7784834149595732
6 8 2 2 0.5577848341495958
6 8 3 2 1.125577848341496
6 8 4 2 1.181255778483415
6 8 5 2 1.1018125577848341
6 9 2 2 0.7210181255778483
6 9 3 2 1.5472101812557784
6 9 4 2 1.6554721018125576
6 9 5 2 1.4965547210181256
6 10 2 2 0.9349655472101813
6 10 3 2 1.949349655472102
6 10 4 2 2.089493496554721
6 10 5 2 1.9208949349655473
6 11 2 2 1.1892089493496554
6 11 3 2 2.4818920894934964
6 11 4 2 2.714818920894935
6 11 5 2 2.4671481892089493
6 12 2 2 1.3646714818920895
6 12 3 2 3.2136467148189207
6 12 4 2 3.4021364671481895
6 12 5 2 3.0240213646714817
6 13 2 2 1.6102402136467149
6 13 3 2 3.636102402136467
6 13 4 2 4.126361024021365
6 13 5 2 3.911263610240214
6 14 2 2 1.979112636102402
6 14 3 2 4.669791126361024
6 14 4 2 4.7866979112636105
6 14 5 2 4.5778669791126365
7 2 2 2 0.09577866979112637
7 2 3 2 0.07095778669791127
7 2 4 2 0.060709577866979114
7 2 5 2 0.060607095778669795
7 3 2 2 0.12060607095778669
7 3 3 2 0.1712060607095779
7 3 4 2 0.15171206060709577
7 3 5 2 0.13151712060607096
7 4 2 2 0.17131517120606068
7 4 3 2 0.2817131517120606
7 4 4 2 0.3228171315171206
7 4 5 2 0.2832281713151712
7 5 2 2 0.30283228171315174
7 5 3 2 0.5030283228171315
7 5 4 2 0.5150302832281713
7 5 5 2 0.4551503028322817
7 6 2 2 0.4245515030283228
7 6 3 2 0.7842455150302833
7 6 4 2 0.7478424551503028
7 6 5 2 0.737478424551503
7 7 2 2 0.547374784245515
7 7 3 2 1.0854737478424552
7 7 4 2 1.1908547374784246
7 7 5 2 1.0919085473747843
7 8 2 2 0.6809190854737479
7 8 3 2 1.5668091908547377
7 8 4 2 1.7356680919085474
7 8 5 2 1.5273566809190857
7 9 2 2 0.9452735668091908
7 9 3 2 2.039452735668092
7 9 4 2 2.150394527356681
7 9 5 2 2.011503945273567
7 10 2 2 1.4001150394527357
7 10 3 2 2.724001150394528
7 10 4 2 3.0472400115039453
7 10 5 2 2.5904724001150394
7 11 2 2 1.4759047240011502
7 11 3 2 3.3047590472400117
7 11 4 2 3.6230475904724
7 11 5 2 3.416230475904724
7 12 2 2 1.7741623047590473
7 12 3 2 3.9477416230475906
7 12 4 2 4.559477416230476
7 12 5 2 4.715594774162305
7 13 2 2 2.207155947741623
7 13 3 2 4.9520715594774165
7 13 4 2 5.319520715594774
7 13 5 2 5.833195207155947
7 14 2 2 2.5483319520715595
7 14 3 2 5.945483319520715
7 14 4 2 6.439454833195207
7 14 5 2 6.4343945483319525
8 2 2 2 0.14434394548331952
8 2 3 2 0.08144343945483319
8 2 4 2 0.08081443439454833
8 2 5 2 0.06080814434394548
8 3 2 2 0.16060808144343944
8 3 3 2 0.2216060808144344
8 3 4 2 0.20221606080814436
8 3 5 2 0.18202216060808143
8 4 2 2 0.23182022160608082
8 4 3 2 0.38231820221606083
8 4 4 2 0.37382318202216064
8 4 5 2 0.3437382318202216
8 5 2 2 0.34343738231820226
8 5 3 2 0.643434373823182
8 5 4 2 0.6864343437382319
8 5 5 2 0.6168643434373823
8 6 2 2 0.5161686434343739
8 6 3 2 1.0351616864343436
8 6 4 2 1.0303516168643434
8 6 5 2 1.0103035161686436
8 7 2 2 0.7101030351616865
8 7 3 2 1.477101030351617
8 7 4 2 1.5147710103035161
8 7 5 2 1.3951477101030352
8 8 2 2 0.8939514771010303
8 8 3 2 2.1089395147710106
8 8 4 2 2.22108939514771
8 8 5 2 1.982210893951477
8 9 2 2 1.1798221089395147
8 9 3 2 2.621798221089395
8 9 4 2 3.1062179822108944
8 9 5 2 2.7210621798221086
8 10 2 2 1.5872106217982214
8 10 3 2 3.2558721062179825
8 10 4 2 3.8625587210621797
8 10 5 2 3.468625587210622
8 11 2 2 1.9246862558721063
8 11 3 2 4.199246862558721
8 11 4 2 5.171992468625588
8 11 5 2 5.081719924686256
8 12 2 2 2.270817199246862
8 12 3 2 5.412708171992469
8 12 4 2 6.284127081719925
8 12 5 2 5.672841270817199
8 13 2 2 2.7967284127081724
8 13 3 2 6.887967284127082
8 13 4 2 7.758879672841271
8 13 5 2 7.437588796728412
8 14 2 2 3.5443758879672838
8 14 3 2 7.535443758879673
8 14 4 2 9.195354437588797
8 14 5 2 8.871953544375888
9 2 2 2 0.19871953544375887
9 2 3 2 0.1019871953544376
9 2 4 2 0.09101987195354438
9 2 5 2 0.08091019871953545
9 3 2 2 0.18080910198719535
9 3 3 2 0.26180809101987196
9 3 4 2 0.2526180809101987
9 3 5 2 0.242526180809102
9 4 2 2 0.302425261808091
9 4 3 2 0.4830242526180809
9 4 4 2 0.4848302425261808
9 4 5 2 0.4248483024252618
9 5 2 2 0.4442484830242526
9 5 3 2 0.8844424848302426
9 5 4 2 0.9088444248483024
9 5 5 2 0.8090884442484829
9 6 2 2 0.6380908844424849
9 6 3 2 1.2163809088444248
9 6 4 2 1.3621638090884443
9 6 5 2 1.2236216380908844
9 7 2 2 0.9122362163809089
9 7 3 2 1.8991223621638091
9 7 4 2 2.098991223621638
9 7 5 2 1.8209899122362163
9 8 2 2 1.1182098991223621
9 8 3 2 2.5511820989912235
9 8 4 2 2.965511820989912
9 8 5 2 2.539655118209899
9 9 2 2 1.445396551182099
9 9 3 2 3.354453965511821
9 9 4 2 3.8735445396551182
9 9 5 2 3.5387354453965507
9 10 2 2 1.9353873544539655
9 10 3 2 4.199353873544539
9 10 4 2 4.981993538735445
9 10 5 2 4.849819935387354
9 11 2 2 2.2184981993538737
9 11 3 2 5.242184981993539
9 11 4 2 6.7024218498199355
9 11 5 2 6.1370242184982
9 12 2 2 2.841370242184982
9 12 3 2 7.09841370242185
9 12 4 2 8.310984137024217
9 12 5 2 7.133109841370242
9 13 2 2 3.3113310984137025
9 13 3 2 8.393113310984138
9 13 4 2 9.38393113310984
9 13 5 2 9.413839311331099
9 14 2 2 4.284138393113311
9 14 3 2 10.032841383931133
9 14 4 2 11.78032841383931
9 14 5 2 10.367803284138393
10 2 2 2 0.22367803284138393
10 2 3 2 0.13223678032841385
10 2 4 2 0.11132236780328414
10 2 5 2 0.10111322367803284
10 3 2 2 0.23101113223678035
10 3 3 2 0.3423101113223678
10 3 4 2 0.3234231011132237
10 3 5 2 0.27323423101113226
10 4 2 2 0.3627323423101113
10 4 3 2 0.5836273234231011
10 4 4 2 0.645836273234231
10 4 5 2 0.5964583627323423
10 5 2 2 0.5759645836273234
10 5 3 2 1.1257596458362733
10 5 4 2 1.1712575964583627
10 5 5 2 0.9717125759645836
10 6 2 2 0.7097171257596459
10 6 3 2 1.4670971712575964
10 6 4 2 1.754670971712576
10 6 5 2 1.5575467097171258
10 7 2 2 0.9955754670971713
10 7 3 2 2.1499557546709718
10 7 4 2 2.4814995575467096
10 7 5 2 2.354814995575467
10 8 2 2 1.3935481499557545
10 8 3 2 3.023935481499558
10 8 4 2 3.600239354814996
10 8 5 2 3.06600239354815
10 9 2 2 1.7206600239354817
10 9 3 2 4.2872066002393545
10 9 4 2 4.802872066002394
10 9 5 2 4.448028720660024
10 10 2 2 2.3244802872066
10 10 3 2 5.763244802872066
10 10 4 2 6.337632448028721
10 10 5 2 5.363376324480287
10 11 2 2 2.763633763244803
10 11 3 2 7.007636337632448
10 11 4 2 7.8800763633763244
10 11 5 2 7.918800763633763
10 12 2 2 3.459188007636337
10 12 3 2 8.554591880076364
10 12 4 2 10.015545918800763
10 12 5 2 9.490155459188008
10 13 2 2 4.22490155459188
10 13 3 2 10.16224901554592
10 13 4 2 11.97162249015546
10 13 5 2 11.639716224901553
10 14 2 2 4.986397162249016
10 14 3 2 12.62986397162249
10 14 4 2 13.976298639716225
10 14 5 2 14.479762986397164
11 2 2 2 0.2947976298639716
11 2 3 2 0.17294797629863973
11 2 4 2 0.1617294797629864
11 2 5 2 0.12161729479762987
11 3 2 2 0.2612161729479763
11 3 3 2 0.41261216172947973
11 3 4 2 0.38412612161729487
11 3 5 2 0.33384126121617297
11 4 2 2 0.4433384126121617
11 4 3 2 0.7644333841261216
11 4 4 2 0.7376443338412613
11 4 5 2 0.6973764433384126
11 5 2 2 0.6169737644333841
11 5 3 2 1.246169737644334
11 5 4 2 1.3624616973764432
11 5 5 2 1.2636246169737644
11 6 2 2 0.9226362461697377
11 6 3 2 1.8592263624616974
11 6 4 2 2.058592263624617
11 6 5 2 1.9905859226362463
11 7 2 2 1.2599058592263623
11 7 3 2 2.7625990585922637
11 7 4 2 3.1876259905859228
11 7 5 2 2.6518762599058596
11 8 2 2 1.6265187625990587
11 8 3 2 3.9762651876259905
11 8 4 2 4.28976265187626
11 8 5 2 4.012897626518762
11 9 2 2 2.1001289762651876
11 9 3 2 5.181001289762651
11 9 4 2 6.081810012897627
11 9 5 2 5.710818100128977
11 10 2 2 2.8471081810012895
11 10 3 2 6.858471081810013
11 10 4 2 7.6285847108180995
11 10 5 2 7.416285847108181
11 11 2 2 3.3841628584710817
11 11 3 2 8.393841628584712
11 11 4 2 9.003938416285846
11 11 5 2 10.270039384162859
11 12 2 2 3.9227003938416285
11 12 3 2 10.069227003938416
11 12 4 2 12.330692270039386
11 12 5 2 12.693306922700394
11 13 2 2 5.016933069227004
11 13 3 2 12.85016933069227
11 13 4 2 15.338501693306924
11 13 5 2 15.873385016933069
11 14 2 2 6.1487338501693305
11 14 3 2 15.581487338501693
11 14 4 2 17.765814873385015
11 14 5 2 18.00765814873385
12 2 2 2 0.33007658148733854
12 2 3 2 0.2433007658148734
12 2 4 2 0.19243300765814872
12 2 5 2 0.1519243300765815
12 3 2 2 0.3215192433007658
12 3 3 2 0.4832151924330077
12 3 4 2 0.4848321519243301
12 3 5 2 0.4148483215192433
12 4 2 2 0.5241484832151925
12 4 3 2 0.9752414848321519
12 4 4 2 0.9297524148483215
12 4 5 2 0.7992975241484832
12 5 2 2 0.7379929752414849
12 5 3 2 1.5473799297524147
12 5 4 2 1.6354737992975243
12 5 5 2 1.4963547379929754
12 6 2 2 1.1349635473799298
12 6 3 2 2.4313496354737993
12 6 4 2 2.734313496354738
12 6 5 2 2.3273431349635474
12 7 2 2 1.5032734313496354
12 7 3 2 3.545032734313496
12 7 4 2 3.775450327343135
12 7 5 2 3.3477545032734315
12 8 2 2 2.0834775450327343
12 8 3 2 4.5308347754503275
12 8 4 2 5.1853083477545034
12 8 5 2 4.931853083477545
12 9 2 2 2.3793185308347757
12 9 3 2 6.363793185308348
12 9 4 2 6.993637931853084
12 9 5 2 6.6999363793185305
12 10 2 2 3.066999363793185
12 10 3 2 8.110669993637933
12 10 4 2 9.74110669993638
12 10 5 2 9.397411066999364
12 11 2 2 4.013974110669994
12 11 3 2 9.2001397411067
12 11 4 2 11.912001397411068
12 11 5 2 12.129120013974111
12 12 2 2 5.101291200139741
12 12 3 2 12.001012912001396
12 12 4 2 13.980010129120014
12 12 5 2 14.949800101291201
12 13 2 2 6.0394980010129125
12 13 3 2 14.880394980010129
12 13 4 2 18.3688039498001
12 13 5 2 17.783688039498003
12 14 2 2 7.19783688039498
12 14 3 2 18.73197836880395
12 14 4 2 21.13731978368804
12 14 5 2 21.901373197836882
13 2 2 2 0.41901373197836883
13 2 3 2 0.2641901373197837
13 2 4 2 0.20264190137319782
13 2 5 2 0.21202641901373198
13 3 2 2 0.37212026419013733
13 3 3 2 0.5837212026419014
13 3 4 2 0.565837212026419
13 3 5 2 0.43565837212026426
13 4 2 2 0.6043565837212026
13 4 3 2 1.076043565837212
13 4 4 2 1.090760435658372
13 4 5 2 0.9909076043565836
13 5 2 2 0.9499090760435658
13 5 3 2 1.909499090760436
13 5 4 2 1.9790949909076045
13 5 5 2 1.8597909499090761
13 6 2 2 1.2585979094990907
13 6 3 2 2.7325859790949907
13 6 4 2 3.19732585979095
13 6 5 2 2.7119732585979097
13 7 2 2 1.727119732585979
13 7 3 2 4.037271197325859
13 7 4 2 4.580372711973258
13 7 5 2 4.315803727119732
13 8 2 2 2.423158037271197
13 8 3 2 5.484231580372711
13 8 4 2 6.124842315803727
13 8 5 2 5.781248423158038
13 9 2 2 3.0978124842315804
13 9 3 2 7.410978124842315
13 9 4 2 8.474109781248423
13 9 5 2 7.864741097812485
13 10 2 2 3.888647410978125
13 10 3 2 9.558886474109782
13 10 4 2 10.8555888647411
13 10 5 2 11.03855588864741
13 11 2 2 4.670385558886474
13 11 3 2 11.626703855588865
13 11 4 2 13.906267038555889
13 11 5 2 14.279062670385558
13 12 2 2 5.9827906267038555
13 12 3 2 14.629827906267037
13 12 4 2 18.69629827906267
13 12 5 2 16.376962982790626
13 13 2 2 6.943769629827907
13 13 3 2 17.799437696298277
13 13 4 2 21.067994376962982
13 13 5 2 20.940679943769627
13 14 2 2 8.489406799437695
13 14 3 2 21.60489406799438
13 14 4 2 26.586048940679945
13 14 5 2 24.0758604894068
14 2 2 2 0.500758604894068
14 2 3 2 0.27500758604894066
14 2 4 2 0.24275007586048938
14 2 5 2 0.23242750075860488
14 3 2 2 0.432324275007586
14 3 3 2 0.6043232427500759
14 3 4 2 0.6560432324275007
14 3 5 2 0.606560432324275
14 4 2 2 0.6960656043232427
14 4 3 2 1.3069606560432325
14 4 4 2 1.3430696065604324
14 4 5 2 1.2634306960656043
14 5 2 2 1.032634306960656
14 5 3 2 1.9903263430696065
14 5 4 2 2.3499032634306958
14 5 5 2 1.983499032634307
14 6 2 2 1.559834990326343
14 6 3 2 3.5255983499032637
14 6 4 2 3.5752559834990323
14 6 5 2 3.48575255983499
14 7 2 2 1.9748575255983498
14 7 3 2 4.689748575255983
14 7 4 2 5.47689748575256
14 7 5 2 5.114768974857525
14 8 2 2 2.8111476897485748
14 8 3 2 6.728111476897486
14 8 4 2 7.827281114768976
14 8 5 2 6.98827281114769
14 9 2 2 3.369882728111477
14 9 3 2 8.683698827281114
14 9 4 2 9.746836988272811
14 9 5 2 9.197468369882728
14 10 2 2 4.791974683698827
14 10 3 2 11.087919746836988
14 10 4 2 12.950879197468371
14 10 5 2 12.649508791974684
14 11 2 2 5.716495087919746
14 11 3 2 14.447164950879197
14 11 4 2 17.00447164950879
14 11 5 2 14.490044716495088
14 12 2 2 6.48490044716495
14 12 3 2 16.844849004471648
14 12 4 2 19.158448490044716
14 12 5 2 21.58158448490045
14 13 2 2 8.545815844849004
14 13 3 2 20.63545815844849
14 13 4 2 25.02635458158448
14 13 5 2 24.400263545815843
14 14 2 2 9.224002635458158
14 14 3 2 27.862240026354584
14 14 4 2 33.16862240026355
14 14 5 2 31.06168622400263
2 2 2 3 0.3306168622400263
2 2 3 3 0.003306168622400263
2 2 4 3 0.010033061686224002
2 2 5 3 0.010100330616862241
2 3 2 3 0.010101003306168622
2 3 3 3 0.020101010033061684
2 3 4 3 0.020201010100330617
2 3 5 3 0.010202010101003307
2 4 2 3 0.03010202010101003
2 4 3 3 0.0403010202010101
2 4 4 3 0.0304030102020101
2 4 5 3 0.0403040301020201
2 5 2 3 0.050403040301020205
2 5 3 3 0.0705040304030102
2 5 4 3 0.0607050403040301
2 5 5 3 0.050607050403040296
2 6 2 3 0.10050607050403042
2 6 3 3 0.1310050607050403
2 6 4 3 0.1013100506070504
2 6 5 3 0.0910131005060705
2 7 2 3 0.1609101310050607
2 7 3 3 0.1816091013100506
2 7 4 3 0.16181609101310052
2 7 5 3 0.12161816091013102
2 8 2 3 0.23121618160910132
2 8 3 3 0.362312161816091
2 8 4 3 0.28362312161816094
2 8 5 3 0.19283623121618162
2 9 2 3 0.34192836231216184
2 9 3 3 0.4934192836231216
2 9 4 3 0.37493419283623125
2 9 5 3 0.30374934192836234
2 10 2 3 0.43303749341928366
2 10 3 3 0.6343303749341929
2 10 4 3 0.5163433037493419
2 10 5 3 0.4251634330374934
2 11 2 3 0.644251634330375
2 11 3 3 0.9364425163433038
2 11 4 3 0.7893644251634331
2 11 5 3 0.5978936442516344
2 12 2 3 0.8259789364425163
2 12 3 3 1.178259789364425
2 12 4 3 0.9017825978936443
2 12 5 3 0.6490178259789364
2 13 2 3 0.8864901782597895
2 13 3 3 1.5188649017825981
2 13 4 3 1.4551886490178259
2 13 5 3 0.9945518864901782
2 14 2 3 1.2499455188649018
2 14 3 3 1.8724994551886491
2 14 4 3 1.7787249945518864
2 14 5 3 1.3877872499455188
3 2 2 3 0.03387787249945519
3 2 3 3 0.020338778724994552
3 2 4 3 0.010203387787249945
3 2 5 3 0.0101020338778725
3 3 2 3 0.04010102033877873
3 3 3 3 0.020401010203387786
3 3 4 3 0.05020401010203388
3 3 5 3 0.04050204010102034
3 4 2 3 0.0604050204010102
3 4 3 3 0.1206040502040101
3 4 4 3 0.0912060405020401
3 4 5 3 0.0609120604050204
3 5 2 3 0.1306091206040502
3 5 3 3 0.20130609120604048
3 5 4 3 0.1620130609120604
3 5 5 3 0.1216201306091206
3 6 2 3 0.2212162013060912
3 6 3 3 0.3222121620130609
3 6 4 3 0.3532221216201306
3 6 5 3 0.25353222121620134
3 7 2 3 0.302535322212162
3 7 3 3 0.5430253532221216
3 7 4 3 0.5554302535322212
3 7 5 3 0.4155543025353222
3 8 2 3 0.42415554302535324
3 8 3 3 0.8142415554302534
3 8 4 3 0.8181424155543026
3 8 5 3 0.778181424155543
3 9 2 3 0.6077818142415554
3 9 3 3 1.3060778181424155
3 9 4 3 1.373060778181424
3 9 5 3 1.0337306077818142
3 10 2 3 0.8403373060778182
3 10 3 3 1.858403373060778
3 10 4 3 1.8385840337306079
3 10 5 3 1.3883858403373062
3 11 2 3 1.0138838584033731
3 11 3 3 2.5701388385840334
3 11 4 3 2.8557013883858406
3 11 5 3 2.3085570138838585
3 12 2 3 1.6230855701388385
3 12 3 3 3.566230855701389
3 12 4 3 3.555662308557014
3 12 5 3 3.1455566230855703
3 13 2 3 2.0114555662308558
3 13 3 3 5.000114555662309
3 13 4 3 4.4700011455566235
3 13 5 3 3.8947000114555665
3 14 2 3 2.2889470001145558
3 14 3 3 6.212889470001146
3 14 4 3 6.682128894700011
3 14 5 3 5.126821288947
4 2 2 3 0.07126821288947
4 2 3 3 0.040712682128894694
4 2 4 3 0.020407126821288948
4 2 5 3 0.010204071268212888
4 3 2 3 0.07010204071268213
4 3 3 3 0.07070102040712682
4 3 4 3 0.08070701020407127
4 3 5 3 0.07080707010204071
4 4 2 3 0.12070807070102042
4 4 3 3 0.21120708070701022
4 4 4 3 0.19211207080707013
4 4 5 3 0.2119211207080707
4 5 2 3 0.1821192112070807
4 5 3 3 0.4318211921120708
4 5 4 3 0.3843182119211207
4 5 5 3 0.34384318211921117
4 6 2 3 0.3034384318211921
4 6 3 3 0.7130343843182119
4 6 4 3 0.7471303438431821
4 6 5 3 0.6174713034384318
4 7 2 3 0.5161747130343843
4 7 3 3 1.3351617471303439
4 7 4 3 1.1433516174713034
4 7 5 3 1.091433516174713
4 8 2 3 0.7109143351617472
4 8 3 3 1.9171091433516176
4 8 4 3 2.159171091433516
4 8 5 3 1.741591710914335
4 9 2 3 0.9474159171091433
4 9 3 3 2.7294741591710916
4 9 4 3 2.907294741591711
4 9 5 3 2.549072947415917
4 10 2 3 1.455490729474159
4 10 3 3 4.124554907294741
4 10 4 3 4.451245549072947
4 10 5 3 4.03451245549073
4 11 2 3 1.8903451245549072
4 11 3 3 5.088903451245549
4 11 4 3 5.610889034512455
4 11 5 3 5.376108890345124
4 12 2 3 2.203761088903451
4 12 3 3 7.9420376108890345
4 12 4 3 7.65942037610889
4 12 5 3 6.916594203761089
4 13 2 3 2.8491659420376108
4 13 3 3 8.658491659420376
4 13 4 3 11.816584916594204
4 13 5 3 10.238165849165942
4 14 2 3 4.082381658491659
4 14 3 3 13.730823816584916
4 14 4 3 13.66730823816585
4 14 5 3 12.136673082381657
5 2 2 3 0.17136673082381657
5 2 3 3 0.05171366730823816
5 2 4 3 0.06051713667308238
5 2 5 3 0.030605171366730827
5 3 2 3 0.0903060517136673
5 3 3 3 0.16090306051713668
5 3 4 3 0.16160903060517134
5 3 5 3 0.1416160903060517
5 4 2 3 0.1814161609030605
5 4 3 3 0.38181416160903064
5 4 4 3 0.3438181416160903
5 4 5 3 0.2834381814161609
5 5 2 3 0.2628343818141616
5 5 3 3 0.7926283438181416
5 5 4 3 0.7579262834381814
5 5 5 3 0.6675792628343818
5 6 2 3 0.4866757926283438
5 6 3 3 1.4448667579262835
5 6 4 3 1.474448667579263
5 6 5 3 1.1847444866757926
5 7 2 3 0.661847444866758
5 7 3 3 2.1066184744486676
5 7 4 3 2.1810661847444868
5 7 5 3 1.9918106618474447
5 8 2 3 0.9299181066184744
5 8 3 3 3.5192991810661844
5 8 4 3 3.9851929918106617
5 8 5 3 3.0898519299181064
5 9 2 3 1.660898519299181
5 9 3 3 4.926608985192992
5 9 4 3 5.37926608985193
5 9 5 3 5.20379266089852
5 10 2 3 1.7420379266089854
5 10 3 3 6.73742037926609
5 10 4 3 8.57737420379266
5 10 5 3 7.505773742037928
5 11 2 3 2.9450577374203792
5 11 3 3 9.959450577374204
5 11 4 3 11.099594505773744
5 11 5 3 9.510995945057738
5 12 2 3 3.8351099594505773
5 12 3 3 11.808351099594507
5 12 4 3 14.218083510995946
5 12 5 3 13.45218083510996
5 13 2 3 4.7045218083511
5 13 3 3 18.33704521808351
5 13 4 3 22.633370452180834
5 13 5 3 18.21633370452181
5 14 2 3 4.542163337045219
5 14 3 3 21.275421633370453
5 14 4 3 27.112754216333705
5 14 5 3 24.61112754216334
6 2 2 3 0.3161112754216334
6 2 3 3 0.08316111275421634
6 2 4 3 0.07083161112754216
6 2 5 3 0.060708316111275425
6 3 2 3 0.14060708316111276
6 3 3 3 0.25140607083161115
6 3 4 3 0.2225140607083161
6 3 5 3 0.21222514060708317
6 4 2 3 0.28212225140607083
6 4 3 3 0.6028212225140607
6 4 4 3 0.6960282122251406
6 4 5 3 0.5069602821222514
6 5 2 3 0.4550696028212225
6 5 3 3 1.1845506960282122
6 5 4 3 1.251845506960282
6 5 5 3 1.0925184550696028
6 6 2 3 0.6809251845506961
6 6 3 3 2.226809251845507
6 6 4 3 2.332268092518455
6 6 5 3 1.9933226809251847
6 7 2 3 1.129933226809252
6 7 3 3 3.3312993322680926
6 7 4 3 3.453312993322681
6 7 5 3 3.194533129933227
6 8 2 3 1.5019453312993323
6 8 3 3 5.645019453312994
6 8 4 3 6.89645019453313
6 8 5 3 5.428964501945331
6 9 2 3 1.9842896450194534
6 9 3 3 7.8198428964501945
6 9 4 3 9.228198428964502
6 9 5 3 8.922281984289645
6 10 2 3 3.139222819842896
6 10 3 3 11.44139222819843
6 10 4 3 12.954413922281983
6 10 5 3 12.06954413922282
6 11 2 3 3.7406954413922278
6 11 3 3 15.067406954413922
6 11 4 3 19.41067406954414
6 11 5 3 15.914106740695443
6 12 2 3 5.949141067406954
6 12 3 3 18.89949141067407
6 12 4 3 27.368994914106743
6 12 5 3 22.033689949141067
6 13 2 3 6.08033689949141
6 13 3 3 31.42080336899491
6 13 4 3 32.25420803368995
6 13 5 3 32.0425420803369
6 14 2 3 8.74042542080337
6 14 3 3 30.497404254208032
6 14 4 3 43.48497404254208
6 14 5 3 42.574849740425414
7 2 2 3 0.5157484974042541
7 2 3 3 0.13515748497404254
7 2 4 3 0.14135157484974042
7 2 5 3 0.1014135157484974
7 3 2 3 0.18101413515748496
7 3 3 3 0.42181014135157485
7 3 4 3 0.36421810141351574
7 3 5 3 0.3236421810141351
7 4 2 3 0.3632364218101414
7 4 3 3 0.9736323642181014
7 4 4 3 1.019736323642181
7 4 5 3 0.8001973632364218
7 5 2 3 0.6280019736323642
7 5 3 3 1.9362800197363237
7 5 4 3 1.9293628001973633
7 5 5 3 1.9292936280019737
7 6 2 3 0.9792929362800197
7 6 3 3 3.0597929293628
7 6 4 3 3.540597929293628
7 6 5 3 3.3154059792929367
7 7 2 3 1.7431540597929294
7 7 3 3 5.347431540597929
7 7 4 3 5.743474315405979
7 7 5 3 5.137434743154061
7 8 2 3 2.1413743474315408
7 8 3 3 7.571413743474316
7 8 4 3 9.275714137434743
7 8 5 3 8.202757141374347
7 9 2 3 2.8920275714137436
7 9 3 3 12.318920275714138
7 9 4 3 14.133189202757142
7 9 5 3 15.981331892027573
7 10 2 3 3.819813318920276
7 10 3 3 15.618198133189203
7 10 4 3 21.63618198133189
7 10 5 3 18.81636181981332
7 11 2 3 5.4981636181981335
7 11 3 3 23.80498163618198
7 11 4 3 36.488049816361816
7 11 5 3 28.19488049816362
7 12 2 3 6.861948804981637
7 12 3 3 32.558619488049814
7 12 4 3 43.385586194880496
7 12 5 3 38.03385586194881
7 13 2 3 9.110338558619489
7 13 3 3 41.97110338558619
7 13 4 3 54.25971103385586
7 13 5 3 53.932597110338556
7 14 2 3 12.429325971103385
7 14 3 3 54.70429325971103
7 14 4 3 88.57704293259711
7 14 5 3 79.03577042932596
8 2 2 3 0.9503577042932596
8 2 3 3 0.2395035770429326
8 2 4 3 0.16239503577042932
8 2 5 3 0.1216239503577043
8 3 2 3 0.3112162395035771
8 3 3 3 0.5431121623950358
8 3 4 3 0.5954311216239503
8 3 5 3 0.43595431121623945
8 4 2 3 0.47435954311216233
8 4 3 3 1.3447435954311215
8 4 4 3 1.4234474359543112
8 4 5 3 1.264234474359543
8 5 2 3 0.8626423447435954
8 5 3 3 3.1186264234474357
8 5 4 3 3.1711862642344744
8 5 5 3 2.821711862642345
8 6 2 3 1.2182171186264235
8 6 3 3 5.162182171186264
8 6 4 3 5.661621821711862
8 6 5 3 4.366616218217119
8 7 2 3 2.1336661621821715
8 7 3 3 7.801336661621821
8 7 4 3 9.698013366616218
8 7 5 3 8.986980133666162
8 8 2 3 3.059869801336662
8 8 3 3 12.090598698013366
8 8 4 3 15.160905986980133
8 8 5 3 15.111609059869801
8 9 2 3 4.011116090598698
8 9 3 3 17.62011116090599
8 9 4 3 21.716201111609063
8 9 5 3 18.16716201111609
8 10 2 3 5.60167162011116
8 10 3 3 24.46601671620111
8 10 4 3 34.38466016716201
8 10 5 3 34.73384660167162
8 11 2 3 7.397338466016716
8 11 3 3 34.963973384660164
8 11 4 3 41.489639733846595
8 11 5 3 43.914896397338474
8 12 2 3 10.069148963973385
8 12 3 3 42.91069148963974
8 12 4 3 63.4691069148964
8 12 5 3 60.08469106914897
8 13 2 3 14.24084691069149
8 13 3 3 61.06240846910691
8 13 4 3 89.68062408469108
8 13 5 3 83.4068062408469
8 14 2 3 17.33406806240847
8 14 3 3 87.7433406806241
8 14 4 3 97.18743340680624
8 14 5 3 107.06187433406805
9 2 2 3 1.4106187433406805
9 2 3 3 0.2741061874334068
9 2 4 3 0.24274106187433409
9 2 5 3 0.17242741061874334
9 3 2 3 0.39172427410618743
9 3 3 3 0.7939172427410619
9 3 4 3 0.8279391724274106
9 3 5 3 0.6782793917242741
9 4 2 3 0.6367827939172428
9 4 3 3 1.7163678279391723
9 4 4 3 1.9971636782793916
9 4 5 3 1.7199716367827937
9 5 2 3 1.2371997163678279
9 5 3 3 3.4423719971636784
9 5 4 3 4.304423719971637
9 5 5 3 3.763044237199716
9 6 2 3 1.6376304423719972
9 6 3 3 6.536376304423721
9 6 4 3 6.815363763044237
9 6 5 3 7.868153637630443
9 7 2 3 2.608681536376304
9 7 3 3 10.756086815363762
9 7 4 3 14.247560868153636
9 7 5 3 11.002475608681536
9 8 2 3 3.6600247560868153
9 8 3 3 18.67660024756087
9 8 4 3 20.276766002475608
9 8 5 3 19.242767660024757
9 9 2 3 5.392427676600248
9 9 3 3 25.323924276766
9 9 4 3 29.93323924276766
9 9 5 3 30.349332392427677
9 10 2 3 8.463493323924276
9 10 3 3 34.58463493323924
9 10 4 3 51.38584634933239
9 10 5 3 44.94385846349333
9 11 2 3 9.859438584634933
9 11 3 3 48.668594385846355
9 11 4 3 66.08668594385847
9 11 5 3 67.69086685943859
9 12 2 3 14.476908668594385
9 12 3 3 65.38476908668595
9 12 4 3 86.49384769086686
9 12 5 3 87.61493847690866
9 13 2 3 16.966149384769086
9 13 3 3 86.1896614938477
9 13 4 3 151.8318966149385
9 13 5 3 133.00831896614937
9 14 2 3 19.410083189661492
9 14 3 3 101.67410083189661
9 14 4 3 153.45674100831897
9 14 5 3 149.72456741008318
10 2 2 3 1.8872456741008319
10 2 3 3 0.37887245674100833
10 2 4 3 0.36378872456741007
10 2 5 3 0.3036378872456741
10 3 2 3 0.4830363788724567
10 3 3 3 1.0248303637887246
10 3 4 3 1.1002483036378872
10 3 5 3 0.9210024830363789
10 4 2 3 0.8392100248303638
10 4 3 3 2.7383921002483036
10 4 4 3 2.577383921002483
10 4 5 3 2.2757738392100246
10 5 2 3 1.6027577383921001
10 5 3 3 5.026027577383921
10 5 4 3 5.670260275773839
10 5 5 3 5.466702602757739
10 6 2 3 2.1346670260275773
10 6 3 3 7.711346670260276
10 6 4 3 11.537113466702603
10 6 5 3 9.445371134667026
10 7 2 3 3.8144537113466703
10 7 3 3 12.888144537113467
10 7 4 3 17.508881445371134
10 7 5 3 16.995088814453712
10 8 2 3 5.189950888144538
10 8 3 3 20.951899508881443
10 8 4 3 27.439518995088815
10 8 5 3 26.404395189950886
10 9 2 3 8.044043951899509
10 9 3 3 32.570440439519
10 9 4 3 41.945704404395194
10 9 5 3 42.87945704404396
10 10 2 3 9.958794570440439
10 10 3 3 40.569587945704406
10 10 4 3 53.77569587945705
10 10 5 3 70.93775695879457
10 11 2 3 13.959377569587947
10 11 3 3 72.23959377569588
10 11 4 3 86.95239593775696
10 11 5 3 86.20952395937756
10 12 2 3 19.912095239593775
10 12 3 3 74.56912095239593
10 12 4 3 113.51569120952395
10 12 5 3 126.84515691209525
10 13 2 3 21.178451569120952
10 13 3 3 115.23178451569122
10 13 4 3 171.7523178451569
10 13 5 3 143.94752317845158
10 14 2 3 24.44947523178452
10 14 3 3 170.57449475231783
10 14 4 3 222.5157449475232
10 14 5 3 198.22515744947523
11 2 2 3 2.3122515744947525
11 2 3 3 0.5031225157449475
11 2 4 3 0.43503122515744946
11 2 5 3 0.3143503122515745
11 3 2 3 0.6131435031225158
11 3 3 3 1.436131435031225
11 3 4 3 1.6243613143503124
11 3 5 3 1.226243613143503
11 4 2 3 1.132262436131435
11 4 3 3 3.3413226243613146
11 4 4 3 3.723413226243613
11 4 5 3 3.1872341322624362
11 5 2 3 1.9518723413226242
11 5 3 3 6.7395187234132266
11 5 4 3 7.857395187234132
11 5 5 3 6.868573951872341
11 6 2 3 2.9186857395187236
11 6 3 3 10.289186857395187
11 6 4 3 14.632891868573951
11 6 5 3 14.11632891868574
11 7 2 3 4.391163289186857
11 7 3 3 19.773911632891867
11 7 4 3 23.947739116328922
11 7 5 3 24.019477391163292
11 8 2 3 6.670194773911633
11 8 3 3 26.546701947739116
11 8 4 3 35.16546701947739
11 8 5 3 38.02165467019478
11 9 2 3 9.970216546701947
11 9 3 3 40.95970216546702
11 9 4 3 67.43959702165468
11 9 5 3 62.15439597021655
11 10 2 3 13.191543959702166
11 10 3 3 64.17191543959703
11 10 4 3 91.69171915439598
11 10 5 3 91.29691719154397
11 11 2 3 16.23296917191544
11 11 3 3 88.57232969171915
11 11 4 3 112.53572329691718
11 11 5 3 136.59535723296918
11 12 2 3 21.73595357232969
11 12 3 3 110.1573595357233
11 12 4 3 154.67157359535722
11 12 5 3 197.89671573595353
11 13 2 3 28.988967157359536
11 13 3 3 137.8798896715736
11 13 4 3 217.29879889671574
11 13 5 3 242.52298798896715
11 14 2 3 34.23522987988967
11 14 3 3 187.7423522987989
11 14 4 3 289.877423522988
11 14 5 3 312.4687742352299
12 2 2 3 3.584687742352299
12 2 3 3 0.675846877423523
12 2 4 3 0.5567584687742353
12 2 5 3 0.4355675846877423
12 3 2 3 0.7743556758468775
12 3 3 3 1.8777435567584688
12 3 4 3 1.8387774355675848
12 3 5 3 1.6183877743556758
12 4 2 3 1.5661838777435568
12 4 3 3 6.115661838777436
12 4 4 3 4.7611566183877745
12 4 5 3 4.557611566183877
12 5 2 3 2.335576115661839
12 5 3 3 8.643355761156618
12 5 4 3 10.506433557611567
12 5 5 3 11.995064335576117
12 6 2 3 4.529950643355761
12 6 3 3 13.865299506433557
12 6 4 3 18.838652995064336
12 6 5 3 19.158386529950644
12 7 2 3 6.791583865299506
12 7 3 3 19.697915838652996
12 7 4 3 30.82697915838653
12 7 5 3 31.528269791583867
12 8 2 3 8.485282697915839
12 8 3 3 32.71485282697916
12 8 4 3 50.80714852826979
12 8 5 3 56.0380714852827
12 9 2 3 12.400380714852826
12 9 3 3 46.484003807148525
12 9 4 3 79.66484003807149
12 9 5 3 82.69664840038071
12 10 2 3 16.096966484003804
12 10 3 3 74.63096966484004
12 10 4 3 121.54630969664841
12 10 5 3 124.55546309696649
12 11 2 3 22.445554630969664
12 11 3 3 103.20445554630969
12 11 4 3 147.92204455546312
12 11 5 3 162.60922044555463
12 12 2 3 29.366092204455544
12 12 3 3 148.28366092204453
12 12 4 3 206.19283660922048
12 12 5 3 198.53192836609222
12 13 2 3 38.13531928366092
12 13 3 3 182.3113531928366
12 13 4 3 296.60311353192833
12 13 5 3 305.78603113531926
12 14 2 3 48.057860311353195
12 14 3 3 255.68057860311353
12 14 4 3 320.23680578603114
12 14 5 3 400.3023680578603
13 2 2 3 4.463023680578603
13 2 3 3 0.764630236805786
13 2 4 3 0.8276463023680578
13 2 5 3 0.5082764630236806
13 3 2 3 0.9750827646302368
13 3 3 3 2.1697508276463022
13 3 4 3 2.281697508276463
13 3 5 3 2.0628169750827645
13 4 2 3 1.7806281697508277
13 4 3 3 5.157806281697508
13 4 4 3 5.431578062816975
13 4 5 3 5.2043157806281695
13 5 2 3 2.9720431578062816
13 5 3 3 10.819720431578062
13 5 4 3 13.83819720431578
13 5 5 3 11.558381972043158
13 6 2 3 4.515583819720431
13 6 3 3 17.265155838197202
13 6 4 3 24.132651558381973
13 6 5 3 24.77132651558382
13 7 2 3 6.107713265155838
13 7 3 3 28.891077132651557
13 7 4 3 42.01891077132652
13 7 5 3 34.25018910771327
13 8 2 3 12.472501891077131
13 8 3 3 45.934725018910775
13 8 4 3 66.1993472501891
13 8 5 3 58.77199347250189
13 9 2 3 14.97771993472502
13 9 3 3 68.85977719934725
13 9 4 3 99.65859777199348
13 9 5 3 104.29658597771993
13 10 2 3 20.8729658597772
13 10 3 3 90.65872965859776
13 10 4 3 135.62658729658597
13 10 5 3 126.30626587296585
13 11 2 3 27.54306265872966
13 11 3 3 143.4354306265873
13 11 4 3 182.49435430626588
13 11 5 3 230.44494354306266
13 12 2 3 32.61444943543062
13 12 3 3 196.8461444943543
13 12 4 3 306.8784614449435
13 12 5 3 306.5987846144494
13 13 2 3 40.745987846144494
13 13 3 3 248.82745987846144
13 13 4 3 363.0682745987846
13 13 5 3 378.0606827459879
13 14 2 3 57.95060682745988
13 14 3 3 305.6895060682746
13 14 4 3 443.1268950606827
13 14 5 3 505.2912689506068
14 2 2 3 5.582912689506068
14 2 3 3 1.1158291268950606
14 2 4 3 0.8811582912689506
14 2 5 3 0.6388115829126895
14 3 2 3 1.186388115829127
14 3 3 3 2.851863881158291
14 3 4 3 2.978518638811583
14 3 5 3 2.3997851863881157
14 4 2 3 2.183997851863881
14 4 3 3 6.291839978518639
14 4 4 3 7.722918399785186
14 4 5 3 6.2072291839978515
14 5 2 3 3.712072291839979
14 5 3 3 11.387120722918398
14 5 4 3 15.973871207229184
14 5 5 3 14.589738712072291
14 6 2 3 5.275897387120723
14 6 3 3 22.172758973871204
14 6 4 3 27.791727589738713
14 6 5 3 24.597917275897387
14 7 2 3 8.795979172758972
14 7 3 3 35.04795979172759
14 7 4 3 51.510479597917275
14 7 5 3 46.47510479597917
14 8 2 3 12.864751047959793
14 8 3 3 50.2586475104796
14 8 4 3 81.3325864751048
14 8 5 3 85.15332586475105
14 9 2 3 17.53153325864751
14 9 3 3 78.60531533258647
14 9 4 3 115.43605315332587
14 9 5 3 146.62436053153326
14 10 2 3 22.96624360531533
14 10 3 3 117.77966243605314
14 10 4 3 178.07779662436053
14 10 5 3 189.87077796624362
14 11 2 3 30.498707779662436
14 11 3 3 188.9549870777966
14 11 4 3 258.89954987077795
14 11 5 3 274.1589954987078
14 12 2 3 44.42158995498708
14 12 3 3 219.90421589954988
14 12 4 3 316.7490421589955
14 12 5 3 352.68749042159
14 13 2 3 52.3768749042159
14 13 3 3 316.3437687490421
14 13 4 3 440.10343768749044
14 13 5 3 477.0310343768749
14 14 2 3 73.36031034376875
14 14 3 3 378.51360310343773
14 14 4 3 655.8051360310343
14 14 5 3 619.7780513603103
2 2 2 4 6.207780513603103
2 2 3 4 0.07207780513603103
2 2 4 4 7.207780513603103E-4
2 2 5 4 7.2077805136031025E-6
2 3 2 4 0.020000072077805138
2 3 3 4 0.02020000072077805
2 3 4 4 0.01020200000720778
2 3 5 4 1.020200000720778E-4
2 4 2 4 0.040001020200000716
2 4 3 4 0.03040001020200001
2 4 4 4 0.030304000102020005
2 4 5 4 0.030303040001020198
2 5 2 4 0.07030303040001021
2 5 3 4 0.06070303030400011
2 5 4 4 0.05060703030304001
2 5 5 4 0.060506070303030395
2 6 2 4 0.1106050607030303
2 6 3 4 0.1911060506070303
2 6 4 4 0.1319110605060703
2 6 5 4 0.1113191106050607
2 7 2 4 0.1911131911060506
2 7 3 4 0.3019111319110605
2 7 4 4 0.23301911131911063
2 7 5 4 0.562330191113191
2 8 2 4 0.3756233019111319
2 8 3 4 0.5637562330191114
2 8 4 4 0.39563756233019115
2 8 5 4 0.2939563756233019
2 9 2 4 0.502939563756233
2 9 3 4 0.7050293956375623
2 9 4 4 0.6970502939563756
2 9 5 4 0.4369705029395638
2 10 2 4 0.7543697050293957
2 10 3 4 1.547543697050294
2 10 4 4 1.0154754369705028
2 10 5 4 0.770154754369705
2 11 2 4 1.1577015475436971
2 11 3 4 2.021577015475437
2 11 4 4 1.7002157701547542
2 11 5 4 1.2370021577015475
2 12 2 4 1.8123700215770153
2 12 3 4 3.03812370021577
2 12 4 4 2.3203812370021577
2 12 5 4 1.5932038123700216
2 13 2 4 2.4259320381237
2 13 3 4 4.464259320381237
2 13 4 4 3.2046425932038125
2 13 5 4 2.152046425932038
2 14 2 4 3.2215204642593203
2 14 3 4 5.212215204642593
2 14 4 4 4.462122152046426
2 14 5 4 4.094621221520464
3 2 2 4 0.060946212215204645
3 2 3 4 0.020609462122152047
3 2 4 4 0.01020609462122152
3 2 5 4 0.010102060946212214
3 3 2 4 0.030201020301020103
3 3 3 4 0.040302010203010205
3 3 4 4 0.030403020102030106
3 3 5 4 0.0203040302010203
3 4 2 4 0.08040303040101021
3 4 3 4 0.1208040303040101
3 4 4 4 0.1312080403030401
3 4 5 4 0.0913120804030304
3 5 2 4 0.1509131208040303
3 5 3 4 0.3115091312080403
3 5 4 4 0.2931150913120804
3 5 5 4 0.2329311509131208
3 6 2 4 0.23232931150913122
3 6 3 4 0.6623232931150913
3 6 4 4 0.5666232329311509
3 6 5 4 0.4156662323293115
3 7 2 4 0.5041566623232931
3 7 3 4 1.5250415666232329
3 7 4 4 1.0552504156662323
3 7 5 4 0.8005525041566623
3 8 2 4 0.7880055250415665
3 8 3 4 1.9078800552504156
3 8 4 4 1.879078800552504
3 8 5 4 1.4487907880055253
3 9 2 4 1.0644879078800553
3 9 3 4 3.9006448790788006
3 9 4 4 3.319006448790788
3 9 5 4 2.833190064487908
3 10 2 4 1.668331900644879
3 10 3 4 5.5066833190064495
3 10 4 4 5.275066833190064
3 10 5 4 3.6727506683319007
3 11 2 4 2.236727506683319
3 11 3 4 7.462367275066834
3 11 4 4 7.584623672750669
3 11 5 4 6.715846236727507
3 12 2 4 3.0271584623672756
3 12 3 4 11.970271584623674
3 12 4 4 11.259702715846238
3 12 5 4 11.082597027158464
3 13 2 4 4.380825970271585
3 13 3 4 18.643808259702716
3 13 4 4 14.486438082597028
3 13 5 4 13.53486438082597
3 14 2 4 6.36534864380826
3 14 3 4 23.143653486438083
3 14 4 4 20.76143653486438
3 14 5 4 16.967614365348645
4 2 2 4 0.18967614365348645
4 2 3 4 0.04189676143653486
4 2 4 4 0.030418967614365345
4 2 5 4 0.020304189676143655
4 3 2 4 0.08020304189676143
4 3 3 4 0.11080203041896762
4 3 4 4 0.08110802030418966
4 3 5 4 0.0708110802030419
4 4 2 4 0.1407081108020304
4 4 3 4 0.3714070811080203
4 4 4 4 0.27371407081108023
4 4 5 4 0.26273714070811083
4 5 2 4 0.3226273714070811
4 5 3 4 0.7232262737140708
4 5 4 4 0.8672322627371406
4 5 5 4 0.6286723226273714
4 6 2 4 0.4562867232262737
4 6 3 4 1.5545628672322627
4 6 4 4 1.6155456286723229
4 6 5 4 1.2761554562867232
4 7 2 4 0.7027615545628672
4 7 3 4 2.8370276155456287
4 7 4 4 2.868370276155456
4 7 5 4 2.4486837027615547
4 8 2 4 1.1044868370276155
4 8 3 4 5.011044868370276
4 8 4 4 6.710110448683703
4 8 5 4 4.517101104486837
4 9 2 4 1.8951710110448685
4 9 3 4 9.548951710110448
4 9 4 4 8.995489517101104
4 9 5 4 8.279954895171011
4 10 2 4 3.1927995489517103
4 10 3 4 12.581927995489519
4 10 4 4 12.305819279954894
4 10 5 4 14.913058192799548
4 11 2 4 4.409130581927996
4 11 3 4 18.18409130581928
4 11 4 4 24.031840913058193
4 11 5 4 17.93031840913058
4 12 2 4 6.519303184091306
4 12 3 4 35.28519303184091
4 12 4 4 35.49285193031841
4 12 5 4 28.494928519303183
4 13 2 4 7.414949285193031
4 13 3 4 38.68414949285193
4 13 4 4 44.746841494928525
4 13 5 4 42.72746841494929
4 14 2 4 7.547274684149492
4 14 3 4 64.4654727468415
4 14 4 4 70.58465472746842
4 14 5 4 57.31584654727469
5 2 2 4 0.6131584654727469
5 2 3 4 0.07613158465472747
5 2 4 4 0.040761315846547276
5 2 5 4 0.04040761315846547
5 3 2 4 0.13040407613158464
5 3 3 4 0.2713040407613158
5 3 4 4 0.21271304040761316
5 3 5 4 0.17212713040407615
5 4 2 4 0.23172127130404077
5 4 3 4 0.7223172127130404
5 4 4 4 0.6772231721271303
5 4 5 4 0.5767722317212712
5 5 2 4 0.4757677223172127
5 5 3 4 1.6647576772231722
5 5 4 4 2.0566475767722316
5 5 5 4 1.5505664757677224
5 6 2 4 0.7655056647576772
5 6 3 4 3.427655056647577
5 6 4 4 4.054276550566476
5 6 5 4 2.970542765505664
5 7 2 4 1.4097054276550565
5 7 3 4 6.034097054276551
5 7 4 4 8.020340970542765
5 7 5 4 5.490203409705427
5 8 2 4 1.8849020340970544
5 8 3 4 12.868849020340972
5 8 4 4 11.08868849020341
5 8 5 4 10.360886884902033
5 9 2 4 3.5136088688490204
5 9 3 4 17.42513608868849
5 9 4 4 20.634251360886882
5 9 5 4 15.28634251360887
5 10 2 4 5.612863425136088
5 10 3 4 34.18612863425136
5 10 4 4 38.22186128634252
5 10 5 4 31.772218612863426
5 11 2 4 7.0477221861286345
5 11 3 4 42.15047722186128
5 11 4 4 61.18150477221862
5 11 5 4 37.00181504772218
5 12 2 4 8.890018150477221
5 12 3 4 64.09890018150477
5 12 4 4 103.05098900181505
5 12 5 4 81.06050989001815
5 13 2 4 13.380605098900183
5 13 3 4 89.38380605098901
5 13 4 4 141.62383806050988
5 13 5 4 111.5562383806051
5 14 2 4 17.11556238380605
5 14 3 4 122.80115562383806
5 14 4 4 184.66801155623838
5 14 5 4 126.25668011556238
6 2 2 4 1.3325668011556238
6 2 3 4 0.10332566801155624
6 2 4 4 0.09103325668011557
6 2 5 4 0.06091033256680116
6 3 2 4 0.19060910332566802
6 3 3 4 0.3719060910332567
6 3 4 4 0.4837190609103325
6 3 5 4 0.3548371906091033
6 4 2 4 0.353548371906091
6 4 3 4 1.2835354837190607
6 4 4 4 1.3528353548371905
6 4 5 4 1.183528353548372
6 5 2 4 0.5518352835354837
6 5 3 4 3.2355183528353546
6 5 4 4 4.212355183528354
6 5 5 4 2.7021235518352835
6 6 2 4 1.197021235518353
6 6 3 4 6.541970212355184
6 6 4 4 7.645419702123552
6 6 5 4 6.016454197021235
6 7 2 4 1.6701645419702122
6 7 3 4 11.766701645419703
6 7 4 4 14.437667016454197
6 7 5 4 10.884376670164542
6 8 2 4 3.5988437667016457
6 8 3 4 21.525988437667014
6 8 4 4 21.965259884376668
6 8 5 4 24.709652598843768
6 9 2 4 4.607096525988438
6 9 3 4 32.31607096525989
6 9 4 4 37.8131607096526
6 9 5 4 43.278131607096526
6 10 2 4 6.842781316070965
6 10 3 4 52.558427813160705
6 10 4 4 69.5555842781316
6 10 5 4 81.41555584278132
6 11 2 4 10.334155558427813
6 11 3 4 81.48334155558429
6 11 4 4 86.85483341555585
6 11 5 4 108.21854833415557
6 12 2 4 17.782185483341554
6 12 3 4 109.96782185483342
6 12 4 4 147.73967821854833
6 12 5 4 157.4673967821855
6 13 2 4 18.074673967821855
6 13 3 4 159.96074673967823
6 13 4 4 259.0696074673968
6 13 5 4 227.210696074674
6 14 2 4 21.632106960746743
6 14 3 4 253.88632106960748
6 14 4 4 365.4688632106961
6 14 5 4 399.994688632107
7 2 2 4 4.11994688632107
7 2 3 4 0.2211994688632107
7 2 4 4 0.1822119946886321
7 2 5 4 0.17182211994688631
7 3 2 4 0.3217182211994689
7 3 3 4 0.8032171822119946
7 3 4 4 0.70803217182212
7 3 5 4 0.6270803217182211
7 4 2 4 0.7362708032171823
7 4 3 4 2.2773627080321717
7 4 4 4 2.2827736270803216
7 4 5 4 1.892827736270803
7 5 2 4 1.058928277362708
7 5 3 4 4.490589282773628
7 5 4 4 5.9449058928277365
7 5 5 4 4.629449058928277
7 6 2 4 1.726294490589283
7 6 3 4 11.477262944905892
7 6 4 4 12.464772629449058
7 6 5 4 11.24464772629449
7 7 2 4 2.8524464772629448
7 7 3 4 18.79852446477263
7 7 4 4 26.487985244647724
7 7 5 4 25.044879852446474
7 8 2 4 4.840448798524465
7 8 3 4 30.708404487985245
7 8 4 4 42.31708404487985
7 8 5 4 38.473170840448795
7 9 2 4 7.284731708404488
7 9 3 4 57.11284731708404
7 9 4 4 75.27112847317083
7 9 5 4 62.712711284731704
7 10 2 4 11.447127112847317
7 10 3 4 98.48447127112848
7 10 4 4 135.49484471271128
7 10 5 4 123.46494844712711
7 11 2 4 13.32464948447127
7 11 3 4 156.4532464948447
7 11 4 4 192.37453246494843
7 11 5 4 212.6037453246495
7 12 2 4 23.206037453246495
7 12 3 4 176.49206037453246
7 12 4 4 250.15492060374535
7 12 5 4 251.31154920603745
7 13 2 4 22.833115492060372
7 13 3 4 296.3683311549206
7 13 4 4 406.40368331154923
7 13 5 4 385.8540368331155
7 14 2 4 35.55854036833116
7 14 3 4 360.05558540368327
7 14 4 4 658.9005558540368
7 14 5 4 683.9490055585404
8 2 2 4 6.9994900555854045
8 2 3 4 0.35999490055585404
8 2 4 4 0.25359994900555854
8 2 5 4 0.1925359994900556
8 3 2 4 0.43192535999490056
8 3 3 4 1.264319253599949
8 3 4 4 1.1926431925359995
8 3 5 4 1.11192643192536
8 4 2 4 0.7011192643192535
8 4 3 4 3.4470111926431923
8 4 4 4 4.604470111926432
8 4 5 4 3.0960447011192644
8 5 2 4 2.010960447011193
8 5 3 4 7.620109604470112
8 5 4 4 9.766201096044702
8 5 5 4 8.597662010960446
8 6 2 4 2.5459766201096046
8 6 3 4 18.015459766201097
8 6 4 4 22.30015459766201
8 6 5 4 16.833001545976618
8 7 2 4 3.9483300154597663
8 7 3 4 26.5094833001546
8 7 4 4 40.955094833001546
8 7 5 4 39.20955094833002
8 8 2 4 6.9820955094833
8 8 3 4 51.07982095509484
8 8 4 4 79.74079820955095
8 8 5 4 66.43740798209551
8 9 2 4 8.834374079820954
8 9 3 4 81.65834374079822
8 9 4 4 122.78658343740797
8 9 5 4 117.49786583437408
8 10 2 4 13.56497865834374
8 10 3 4 134.50564978658343
8 10 4 4 241.08505649786585
8 10 5 4 223.3108505649787
8 11 2 4 22.31310850564979
8 11 3 4 220.43313108505652
8 11 4 4 326.42433131085056
8 11 5 4 264.92424331310855
8 12 2 4 30.819242433131084
8 12 3 4 351.95819242433134
8 12 4 4 350.3995819242433
8 12 5 4 532.5839958192424
8 13 2 4 43.97583995819243
8 13 3 4 421.5297583995819
8 13 4 4 786.4152975839959
8 13 5 4 606.44415297584
8 14 2 4 63.11444152975841
8 14 3 4 638.7011444152976
8 14 4 4 935.167011444153
8 14 5 4 919.1416701144415
9 2 2 4 9.461416701144415
9 2 3 4 0.5946141670114442
9 2 4 4 0.40594614167011445
9 2 5 4 0.30405946141670115
9 3 2 4 0.453040594614167
9 3 3 4 1.9845304059461415
9 3 4 4 2.0198453040594613
9 3 5 4 1.4301984530405947
9 4 2 4 1.204301984530406
9 4 3 4 4.892043019845304
9 4 4 4 6.298920430198453
9 4 5 4 5.292989204301985
9 5 2 4 2.25292989204302
9 5 3 4 12.83252929892043
9 5 4 4 13.178325292989205
9 5 5 4 13.601783252929893
9 6 2 4 3.7360178325292988
9 6 3 4 30.307360178325293
9 6 4 4 30.99307360178325
9 6 5 4 27.939930736017832
9 7 2 4 6.899399307360178
9 7 3 4 46.5489939930736
9 7 4 4 64.84548993993074
9 7 5 4 54.64845489939931
9 8 2 4 9.656484548993994
9 8 3 4 81.39656484548993
9 8 4 4 130.74396564845492
9 8 5 4 119.97743965648455
9 9 2 4 14.649774396564844
9 9 3 4 118.79649774396565
9 9 4 4 173.19796497743965
9 9 5 4 228.2119796497744
9 10 2 4 18.242119796497747
9 10 3 4 212.722421197965
9 10 4 4 289.36722421197965
9 10 5 4 294.9136722421198
9 11 2 4 33.049136722421196
9 11 3 4 288.5004913672242
9 11 4 4 492.80500491367224
9 11 5 4 570.6980500491368
9 12 2 4 42.01698050049137
9 12 3 4 465.11016980500494
9 12 4 4 710.18110169805
9 12 5 4 788.3118110169805
9 13 2 4 54.553118110169805
9 13 3 4 585.4755311811017
9 13 4 4 1156.574755311811
9 13 5 4 1137.985747553118
9 14 2 4 72.85985747553119
9 14 3 4 860.4885985747553
9 14 4 4 1491.7048859857478
9 14 5 4 1618.7770488598576
10 2 2 4 16.567770488598576
10 2 3 4 0.8456777048859857
10 2 4 4 0.6884567770488599
10 2 5 4 0.48688456777048855
10 3 2 4 0.8348688456777049
10 3 3 4 2.688348688456777
10 3 4 4 2.756883486884568
10 3 5 4 2.2475688348688454
10 4 2 4 1.4824756883486885
10 4 3 4 10.424824756883487
10 4 4 4 9.334248247568835
10 4 5 4 7.213342482475689
10 5 2 4 2.462133424824757
10 5 3 4 17.41462133424825
10 5 4 4 22.60414621334248
10 5 5 4 18.226041462133427
10 6 2 4 5.732260414621335
10 6 3 4 36.93732260414621
10 6 4 4 45.80937322604146
10 6 5 4 41.718093732260414
10 7 2 4 7.927180937322604
10 7 3 4 61.899271809373225
10 7 4 4 89.36899271809372
10 7 5 4 86.47368992718093
10 8 2 4 12.934736899271808
10 8 3 4 108.48934736899271
10 8 4 4 175.02489347368993
10 8 5 4 157.4302489347369
10 9 2 4 17.304302489347368
10 9 3 4 185.3030430248935
10 9 4 4 293.32303043024893
10 9 5 4 234.58323030430248
10 10 2 4 28.835832303043027
10 10 3 4 300.1183583230304
10 10 4 4 431.8511835832303
10 10 5 4 493.0885118358323
10 11 2 4 40.690885118358324
10 11 3 4 342.47690885118357
10 11 4 4 568.4047690885118
10 11 5 4 732.8940476908851
10 12 2 4 55.56894047690885
10 12 3 4 583.945689404769
10 12 4 4 1209.8494568940475
10 12 5 4 1363.0184945689405
10 13 2 4 76.89018494568941
10 13 3 4 868.3289018494569
10 13 4 4 1634.6232890184945
10 13 5 4 1690.176232890185
10 14 2 4 102.17176232890186
10 14 3 4 902.411717623289
10 14 4 4 2336.564117176233
10 14 5 4 2253.555641171762
11 2 2 4 23.03555641171762
11 2 3 4 1.1903555641171761
11 2 4 4 0.8019035556411717
11 2 5 4 0.6280190355564117
11 3 2 4 1.156280190355564
11 3 3 4 4.0615628019035555
11 3 4 4 4.140615628019035
11 3 5 4 3.32140615628019
11 4 2 4 2.0232140615628023
11 4 3 4 10.540232140615629
11 4 4 4 12.275402321406157
11 4 5 4 10.64275402321406
11 5 2 4 4.23642754023214
11 5 3 4 22.202364275402324
11 5 4 4 33.92202364275402
11 5 5 4 25.63922023642754
11 6 2 4 6.276392202364275
11 6 3 4 49.81276392202364
11 6 4 4 71.19812763922023
11 6 5 4 59.7719812763922
11 7 2 4 10.527719812763921
11 7 3 4 86.35527719812764
11 7 4 4 139.48355277198127
11 7 5 4 134.4948355277198
11 8 2 4 16.814948355277195
11 8 3 4 146.80814948355277
11 8 4 4 249.61808149483554
11 8 5 4 244.16618081494835
11 9 2 4 23.501661808149482
11 9 3 4 215.8950166180815
11 9 4 4 371.0689501661808
11 9 5 4 499.7806895016618
11 10 2 4 38.24780689501662
11 10 3 4 337.19247806895015
11 10 4 4 628.5319247806896
11 10 5 4 701.3053192478069
11 11 2 4 55.38305319247807
11 11 3 4 642.1738305319248
11 11 4 4 918.1817383053192
11 11 5 4 1030.991817383053
